IR codes for the Eufy 11S Max vacuum cleaner:

| Appliance   | Command    | RF Signal | IR Signal                                                                                                                                                                                                                                                                                                                                                                                                                                                                                    |   |
|-------------|------------|-----------|----------------------------------------------------------------------------------------------------------------------------------------------------------------------------------------------------------------------------------------------------------------------------------------------------------------------------------------------------------------------------------------------------------------------------------------------------------------------------------------------|---|
| Eufy Vacuum | Auto Clean |           | {3000,2900, 550,450, 550,1400, 550,1400, 550,450, 500,1450, 550,450, 550,400, 550,450, 550,450, 550,400, 550,450, 550,450, 500,1450, 550,1400, 550,450, 500,1450, 550,450, 500,450, 550,450, 550,450, 500,1450, 500,1450, 550,450, 550,1400, 550,450, 500,450, 550,1400, 550,450, 550,1400, 550,1450, 500,450, 550,450, 500,1450, 500,1450, 550,1450, 500,1450, 500,1450, 550,1450, 500,1450, 550,1400, 550,1400, 550,450, 550,1400, 550,450, 500,1450, 500,1450, 550,450, 550,1400, 550};   |   |
|             | Up         |           | {3000,2900, 500,500, 500,1450, 500,1450, 550,450, 500,1450, 500,500, 500,450, 550,450, 500,500, 500,450, 550,1450, 500,450, 500,1450, 550,1450, 500,450, 550,1450, 500,450, 500,500, 500,500, 500,450, 500,1450, 550,1450, 500,1450, 500,500, 500,450, 550,450, 500,500, 500,450, 550,1400, 550,1450, 550,400, 550,1450, 500,1450, 500,1450, 500,1450, 550,1450, 500,1450, 500,1450, 550,1450, 500,1450, 500,1450, 500,500, 500,1450, 500,500, 500,1450, 500,1450, 550,1400, 550,1450, 500}; |   |
|             | Left       |           | {3000,2900, 550,400, 550,1450, 550,1400, 550,450, 500,1450, 550,400, 550,450, 550,450, 550,400, 550,450, 550,1400, 550,1450, 500,1450, 550,1400, 550,450, 550,1400, 550,450, 550,400, 550,450, 550,450, 500,1450, 550,1400, 550,1400, 550,450, 550,450, 500,450, 550,450, 550,400, 550,1450, 550,1400, 550,1400, 600,1400, 500,1450, 550,1400, 550,1400, 550,1450, 550,1400, 550,1400, 550,1450, 500,1450, 550,1400, 550,1400, 550,450, 500,500, 500,450, 550,450, 500,500, 500,1450, 550};  |   |
|             | Right      |           | {3000,2900, 550,450, 500,1450, 550,1450, 500,450, 550,1400, 550,450, 500,500, 500,450, 550,450, 500,1450, 550,1450, 500,450, 550,1400, 550,1450, 500,450, 550,1450, 500,450, 550,450, 500,500, 500,450, 550,1400, 550,1450, 500,1450, 500,500, 500,450, 550,450, 500,500, 500,1450, 500,500, 500,450, 500,500, 500,1450, 550,1400, 550,1450, 500,1450, 500,1450, 500,1450, 550,1450, 500,1450, 500,1450, 550,1450, 500,1450, 500,1450, 500,1450, 550,450, 500,500, 500,1450, 500,1450, 500}; |   |
|             | Down       |           | {3000,2900, 500,500, 500,1450, 550,1400, 550,450, 500,1450, 500,500, 500,450, 550,450, 500,500, 500,1450, 550,1400, 550,1450, 500,1450, 550,1400, 500,500, 500,1450, 500,500, 500,450, 550,450, 500,500, 500,1450, 500,1450, 500,1450, 550,450, 500,500, 500,450, 550,500, 450,1450, 500,500, 500,450, 550,1450, 500,450, 550,1450, 500,1450, 550,1400, 550,1400, 550,1450, 500,1450, 500,1450, 550,1450, 500,450, 500,500, 500,450, 550,450, 500,500, 500,1450, 550,450, 500,450, 550};     |   |
|             | Charge     |           | {3000,2950, 500,450, 550,1400, 550,1450, 500,450, 550,1450, 500,450, 550,450, 500,500, 500,1450, 500,1450, 500,1450, 550,450, 550,1400, 550,1450, 500,1450, 550,1400, 500,500, 550,400, 550,450, 500,500, 500,1450, 500,1450, 500,1450, 550,450, 550,450, 500,450, 550,450, 500,1450, 550,450, 550,1400, 550,450, 500,450, 550,1450, 500,1450, 500,1450, 550,1450, 500,1450, 500,1450, 500,1450, 550,1450, 500,450, 550,1450, 500,1450, 500,1450, 500,1450, 550,450, 500,500, 500,450, 550}; |   |
|             | Stop       |           | {3000,2900, 550,450, 500,1450, 550,1450, 500,450, 500,1450, 550,450, 500,500, 500,450, 550,500, 450,1450, 550,450, 500,500, 500,1450, 500,1450, 500,1450, 550,1450, 500,450, 550,450, 500,450, 550,450, 500,1450, 550,1450, 500,1450, 500,500, 500,500, 500,450, 550,450, 500,1450, 500,450, 550,1450, 500,450, 550,1450, 500,1450, 500,1450, 500,1450, 550,1450, 500,1450, 550,1400, 550,1400, 550,1450, 500,1450, 500,1450, 550,450, 500,1450, 500,1450, 550,450, 550,450, 500,1450, 500}; |   |
